	AFMGD6799H	AFMGD6801H	AFMGD6802H	AFMGD6803H	AFMGD6804H	AFMGD6805H	AFMGD6812H	AFMGD6814H	AFMGD6818H	AFMGD6819H	AFMGD6820H	AFMGD6821H	AFMGD6822H	AFMGS6734H	AFMGS6735H	AFMGS6736H	AFMGS6737H	AFMGS6738H	AFMGS6739H	AFMGS6740H	AFMGS6743H	AFMGS6745H	AFMGS6747H	AFMGS6750H	AFMGS6751H	AFMGS6752H	AFMGS6755H	AFMGS6756H	AFMJD6855H	AFMJD6856H	AFMJD6857H	AFMJD6858H	AFMJD6859H	AFMJD6861H	AFMJD6864H	AFMJD6873H	AFMJD6875H	AFMJD6876H	AFMJD6877H	AFMJD6878H	AFMJS6675H	AFMJS6676H	AFMJS6678H	AFMJS6680H	AFMJS6681H	AFMJS6682H	AFMJS6683H	AFMJS6687H	AFMJS6694H	AFMJS6695H	AFMJS6696H	AFMJS6698H	AFMJS6700H	AFMJS6702H	AFMPD6983H	AFMPD6985H	AFMPD6986H	AFMPD6987H	AFMPD6988H	AFMPD6989H	AFMPD6990H	AFMPD6991H	AFMPD6992H	AFMPD6993H	AFMPD6995H	AFMPD6998H	AFMPD7000H	AFMPD7001H	AFMPD7005H	AFMPD7006H	AFMPS6602H	AFMPS6603H	AFMPS6608H	AFMPS6610H	AFMPS6612H	AFMPS6613H	AFMPS6618H	AFMPS6622H	AFMPS6623H	AFMPS6625H	AFMPS6626H	AFMPS6627H	AFMPX6982H	AFMWD6915H	AFMWD6916H	AFMWD6917H	AFMWD6918H	AFMWD6919H	AFMWD6920H	AFMWD6921H	AFMWD6922H	AFMWD6923H	AFMWD6924H	AFMWD6926H	AFMWD6933H	AFMWD6935H	AFMWD6936H
AFMGD6799H	0	0.1794	0.1817	0.1622	0.2036	0.1912	0.165	0.1663	0.1975	0.1908	0.1872	0.1789	0.194	0.2052	0.2003	0.18	0.1845	0.187	0.2042	0.1988	0.2037	0.1942	0.2022	0.1907	0.2096	0.2245	0.186	0.169	0.1623	0.1653	0.148	0.1465	0.1728	0.1673	0.1753	0.1643	0.1775	0.1718	0.1797	0.1734	0.2096	0.2009	0.189	0.2021	0.188	0.1883	0.2052	0.195	0.2007	0.1825	0.191	0.1975	0.2158	0.2074	0.2016	0.1797	0.1726	0.1791	0.1884	0.0914	0.1563	0.146	0.1859	0.1911	0.1775	0.1359	0.1677	0.1546	0.19	0.1932	0.1981	0.1995	0.1867	0.2259	0.1982	0.1875	0.2285	0.2004	0.1876	0.1844	0.2151	0.2073	0.1677	0.1905	0.2316	0.2158	0.207	0.2282	0.1993	0.2275	0.2072	0.2013	0.256	0.1808	0.2093	0.2894	0.1844
AFMGD6801H	0.1794	0	0.1694	0.1533	0.1686	0.1947	0.1494	0.1632	0.2051	0.1606	0.1988	0.1899	0.1771	0.2016	0.2156	0.1714	0.1796	0.2005	0.2091	0.201	0.2004	0.2099	0.1861	0.1922	0.2027	0.2071	0.2056	0.1761	0.1724	0.184	0.18	0.1704	0.1803	0.1603	0.1684	0.1783	0.1758	0.1682	0.1696	0.19	0.1903	0.1902	0.1849	0.1898	0.1892	0.1871	0.1978	0.1877	0.1963	0.1777	0.1855	0.1907	0.2014	0.1742	0.1991	0.1661	0.1874	0.159	0.1695	0.1865	0.1655	0.1798	0.1854	0.175	0.1735	0.1794	0.1825	0.1892	0.164	0.1815	0.1917	0.1929	0.1654	0.2001	0.1927	0.1928	0.2203	0.1958	0.1941	0.1926	0.2044	0.1996	0.1898	0.1783	0.2275	0.2317	0.2088	0.2147	0.2101	0.2149	0.2083	0.1824	0.2301	0.1952	0.2162	0.2628	0.2069
AFMGD6802H	0.1817	0.1694	0	0.1557	0.1902	0.1877	0.177	0.1629	0.1399	0.1831	0.1723	0.1779	0.1679	0.2015	0.1929	0.1645	0.1837	0.1767	0.1956	0.1942	0.1854	0.1946	0.1831	0.1653	0.1885	0.2007	0.1901	0.154	0.1718	0.1889	0.1772	0.1832	0.1864	0.1728	0.174	0.2	0.1733	0.1602	0.1874	0.1988	0.2134	0.1868	0.162	0.1943	0.1721	0.1655	0.2066	0.1856	0.1775	0.1802	0.164	0.1846	0.1906	0.199	0.1956	0.1949	0.1826	0.1687	0.137	0.1856	0.1641	0.174	0.1642	0.1772	0.1694	0.1782	0.165	0.1867	0.1777	0.1714	0.182	0.2039	0.1626	0.1968	0.2085	0.1862	0.2164	0.2055	0.1835	0.1651	0.2097	0.2011	0.1794	0.196	0.2172	0.2261	0.2154	0.2345	0.1754	0.2013	0.2006	0.1775	0.2292	0.1605	0.2342	0.2678	0.1754
AFMGD6803H	0.1622	0.1533	0.1557	0	0.1817	0.1584	0.1389	0.1472	0.1543	0.1364	0.1568	0.1571	0.1624	0.17	0.1749	0.1506	0.1692	0.1767	0.1744	0.1811	0.1837	0.1577	0.1684	0.1571	0.1723	0.1718	0.182	0.1348	0.1502	0.1629	0.165	0.1396	0.1716	0.1298	0.1497	0.171	0.1619	0.1352	0.1341	0.1518	0.1737	0.1581	0.1582	0.1724	0.1735	0.1546	0.1749	0.1849	0.1632	0.1562	0.1599	0.1787	0.1722	0.173	0.1758	0.1711	0.1743	0.1721	0.135	0.1581	0.129	0.1295	0.1554	0.1458	0.1405	0.1534	0.1633	0.158	0.1502	0.1554	0.1623	0.163	0.1568	0.1757	0.1751	0.1661	0.1932	0.166	0.1561	0.1481	0.1751	0.174	0.1451	0.1647	0.1854	0.1957	0.1854	0.1994	0.1824	0.1952	0.174	0.178	0.2113	0.1635	0.2015	0.2444	0.1814
AFMGD6804H	0.2036	0.1686	0.1902	0.1817	0	0.2056	0.1982	0.1681	0.2106	0.1692	0.1936	0.1944	0.111	0.2136	0.2373	0.2057	0.2058	0.2193	0.2108	0.2271	0.2304	0.2092	0.1968	0.1866	0.2123	0.2168	0.2006	0.1783	0.2002	0.1854	0.1961	0.1917	0.1675	0.1805	0.1859	0.1922	0.1804	0.1818	0.1959	0.2047	0.201	0.2108	0.2123	0.1999	0.2	0.2169	0.2267	0.2125	0.1968	0.2109	0.2087	0.1973	0.2092	0.2038	0.1945	0.1811	0.1769	0.1645	0.2012	0.213	0.1712	0.197	0.1883	0.2074	0.1653	0.1973	0.1966	0.2004	0.1903	0.1787	0.1889	0.2124	0.1726	0.2122	0.2016	0.2002	0.2528	0.2076	0.2172	0.2016	0.2212	0.214	0.1852	0.1793	0.225	0.2365	0.2232	0.2277	0.2026	0.2145	0.2132	0.1778	0.25	0.1818	0.2218	0.2887	0.1984
AFMGD6805H	0.1912	0.1947	0.1877	0.1584	0.2056	0	0.1789	0.1635	0.1802	0.1762	0.1743	0.1612	0.1886	0.1743	0.1815	0.1673	0.1778	0.1743	0.1769	0.1621	0.1935	0.1661	0.1505	0.1701	0.1713	0.1873	0.1854	0.1517	0.1648	0.1968	0.1857	0.1688	0.1798	0.1563	0.1802	0.1914	0.1814	0.1706	0.1735	0.1894	0.1874	0.1676	0.1603	0.1657	0.1584	0.1646	0.1632	0.1681	0.1674	0.175	0.1635	0.1604	0.1658	0.1798	0.1803	0.1748	0.196	0.2032	0.1926	0.1843	0.158	0.1618	0.1807	0.1794	0.1723	0.1777	0.18	0.1806	0.1903	0.1823	0.1566	0.1871	0.1638	0.1818	0.1894	0.1793	0.1944	0.1674	0.1621	0.1671	0.1941	0.173	0.162	0.1795	0.2162	0.2073	0.2111	0.2119	0.185	0.209	0.1861	0.1826	0.2338	0.1819	0.2136	0.2616	0.1909
AFMGD6812H	0.165	0.1494	0.177	0.1389	0.1982	0.1789	0	0.1409	0.1679	0.1727	0.1741	0.1685	0.1693	0.2017	0.202	0.178	0.1916	0.1933	0.1828	0.1886	0.2064	0.2018	0.1773	0.196	0.1904	0.188	0.1937	0.1634	0.1558	0.1622	0.1357	0.1743	0.1789	0.146	0.1733	0.1694	0.1658	0.1565	0.1597	0.1751	0.1797	0.1798	0.1846	0.1965	0.1827	0.1707	0.1742	0.1869	0.1857	0.1721	0.1684	0.1731	0.1988	0.1846	0.2	0.147	0.1825	0.1523	0.167	0.1543	0.1447	0.1649	0.1832	0.165	0.1585	0.1674	0.1756	0.1611	0.1711	0.1804	0.1934	0.1874	0.1847	0.2194	0.1888	0.1887	0.2115	0.1918	0.1799	0.1883	0.213	0.207	0.1737	0.1947	0.2221	0.2191	0.2128	0.2225	0.1851	0.2298	0.2007	0.1995	0.231	0.1729	0.2131	0.2634	0.2041
AFMGD6814H	0.1663	0.1632	0.1629	0.1472	0.1681	0.1635	0.1409	0	0.1783	0.1473	0.1687	0.1543	0.1641	0.1885	0.1841	0.1676	0.1773	0.1794	0.1919	0.1817	0.189	0.1826	0.1667	0.1667	0.179	0.1741	0.1895	0.1608	0.1521	0.1715	0.1388	0.1683	0.1837	0.1474	0.1709	0.1711	0.1624	0.1588	0.1537	0.1803	0.1681	0.1807	0.1713	0.1681	0.1831	0.1549	0.1756	0.1424	0.1812	0.1547	0.1775	0.1649	0.1766	0.1738	0.1857	0.1519	0.1786	0.1459	0.1545	0.1709	0.1521	0.1663	0.1637	0.1709	0.1666	0.1598	0.1679	0.1673	0.1591	0.1372	0.1724	0.1712	0.1382	0.1946	0.1779	0.1545	0.179	0.167	0.1639	0.1579	0.194	0.1826	0.1679	0.181	0.2154	0.2087	0.2157	0.1954	0.1796	0.2179	0.1843	0.1616	0.2331	0.1628	0.2081	0.2572	0.1786
AFMGD6818H	0.1975	0.2051	0.1399	0.1543	0.2106	0.1802	0.1679	0.1783	0	0.1785	0.1876	0.1811	0.1851	0.194	0.1947	0.1796	0.2015	0.1875	0.2017	0.1958	0.2061	0.2045	0.1981	0.1948	0.1961	0.2251	0.1881	0.1636	0.1809	0.1957	0.2128	0.1759	0.21	0.1827	0.1964	0.2046	0.1919	0.1764	0.1908	0.1952	0.209	0.2013	0.1706	0.2215	0.202	0.1796	0.2082	0.1909	0.1928	0.1906	0.1915	0.1778	0.2097	0.1905	0.2077	0.2067	0.1995	0.1801	0.1583	0.2098	0.1621	0.1828	0.1795	0.1794	0.1849	0.1906	0.1604	0.1825	0.1965	0.1876	0.1801	0.2028	0.1713	0.2056	0.198	0.1901	0.2208	0.2057	0.1919	0.195	0.2102	0.2159	0.1896	0.2103	0.2187	0.231	0.2393	0.2444	0.1927	0.2246	0.2025	0.1838	0.2564	0.173	0.2359	0.2873	0.1917
AFMGD6819H	0.1908	0.1606	0.1831	0.1364	0.1692	0.1762	0.1727	0.1473	0.1785	0	0.1906	0.1857	0.1661	0.1956	0.21	0.1724	0.188	0.1969	0.2016	0.2048	0.2101	0.1901	0.1952	0.1866	0.1854	0.2083	0.1885	0.1806	0.1801	0.1764	0.1846	0.1662	0.1836	0.1759	0.1733	0.1982	0.1716	0.1689	0.1794	0.1924	0.1834	0.1849	0.1779	0.1891	0.1823	0.192	0.1839	0.2006	0.1976	0.1971	0.1921	0.2013	0.2002	0.1894	0.2037	0.1947	0.1741	0.1834	0.1719	0.2105	0.1761	0.169	0.1717	0.1791	0.1481	0.1837	0.1795	0.1852	0.1891	0.1815	0.1808	0.1802	0.1767	0.2147	0.1832	0.1773	0.2194	0.1832	0.1912	0.2029	0.1955	0.1957	0.1863	0.1781	0.2218	0.2086	0.2246	0.2169	0.1893	0.2175	0.2002	0.1754	0.2373	0.168	0.2183	0.2659	0.1865
AFMGD6820H	0.1872	0.1988	0.1723	0.1568	0.1936	0.1743	0.1741	0.1687	0.1876	0.1906	0	0.1611	0.1676	0.1868	0.1653	0.169	0.1669	0.1793	0.1816	0.1734	0.1866	0.1655	0.1743	0.1655	0.173	0.1815	0.2035	0.1432	0.1819	0.1954	0.1706	0.1644	0.1943	0.1652	0.1813	0.1952	0.1805	0.1792	0.1773	0.1961	0.1819	0.1772	0.1394	0.1831	0.1663	0.15	0.1916	0.1709	0.1758	0.1606	0.1569	0.1786	0.1711	0.1744	0.1932	0.1785	0.1863	0.205	0.164	0.1766	0.1638	0.1693	0.1669	0.1876	0.1547	0.1636	0.1763	0.1732	0.1621	0.1981	0.1777	0.1564	0.1571	0.1799	0.1818	0.1702	0.1786	0.181	0.1612	0.1558	0.1793	0.1816	0.1709	0.1865	0.2072	0.213	0.216	0.2096	0.1816	0.2272	0.2047	0.1978	0.2357	0.1803	0.216	0.2682	0.2012
AFMGD6821H	0.1789	0.1899	0.1779	0.1571	0.1944	0.1612	0.1685	0.1543	0.1811	0.1857	0.1611	0	0.1733	0.1843	0.1771	0.1659	0.173	0.1688	0.1691	0.1699	0.1895	0.1695	0.1629	0.1826	0.1609	0.1859	0.1805	0.1422	0.1656	0.1949	0.1896	0.1742	0.189	0.1586	0.1628	0.1858	0.1722	0.1741	0.1777	0.1855	0.1876	0.1847	0.1697	0.1808	0.1747	0.1821	0.1908	0.1604	0.183	0.1679	0.1584	0.1615	0.168	0.1671	0.1802	0.1754	0.1853	0.1933	0.1654	0.1797	0.1551	0.1738	0.1681	0.1784	0.1509	0.164	0.1618	0.1583	0.1866	0.189	0.1729	0.1686	0.1584	0.1686	0.1644	0.181	0.1871	0.1797	0.1618	0.1551	0.1905	0.1912	0.1668	0.1955	0.2275	0.211	0.2152	0.2114	0.1819	0.2159	0.2043	0.1829	0.231	0.1832	0.2077	0.2721	0.1777
AFMGD6822H	0.194	0.1771	0.1679	0.1624	0.111	0.1886	0.1693	0.1641	0.1851	0.1661	0.1676	0.1733	0	0.2035	0.2017	0.1887	0.2009	0.1773	0.1885	0.2092	0.1994	0.2042	0.1775	0.1888	0.1953	0.1989	0.2027	0.1711	0.1723	0.1673	0.1706	0.1915	0.1878	0.156	0.1874	0.1916	0.1769	0.1703	0.1886	0.1841	0.1967	0.202	0.1692	0.1955	0.1919	0.1696	0.1975	0.1944	0.1675	0.1865	0.1863	0.1742	0.2032	0.1751	0.1972	0.1918	0.1788	0.1665	0.1676	0.1885	0.1627	0.1852	0.1608	0.1822	0.1402	0.1875	0.1839	0.1888	0.1962	0.1757	0.2013	0.1883	0.1785	0.1934	0.21	0.1982	0.2154	0.1945	0.2055	0.1946	0.203	0.2088	0.173	0.1826	0.212	0.237	0.2148	0.2194	0.1818	0.21	0.2207	0.1924	0.2566	0.1683	0.2259	0.2812	0.1978
AFMGS6734H	0.2052	0.2016	0.2015	0.17	0.2136	0.1743	0.2017	0.1885	0.194	0.1956	0.1868	0.1843	0.2035	0	0.1829	0.1645	0.1866	0.1829	0.1837	0.1709	0.186	0.1748	0.1745	0.17	0.172	0.1631	0.1812	0.1499	0.1954	0.2058	0.2107	0.1933	0.2166	0.1849	0.1933	0.2167	0.2152	0.2095	0.203	0.223	0.1759	0.1732	0.1774	0.1801	0.173	0.198	0.1382	0.1746	0.1778	0.1587	0.1797	0.1937	0.1792	0.1972	0.1988	0.1944	0.2212	0.228	0.204	0.2164	0.165	0.2045	0.2118	0.1895	0.1738	0.1981	0.19	0.1893	0.2087	0.198	0.1554	0.181	0.1585	0.1801	0.1769	0.1869	0.1971	0.1692	0.1624	0.1872	0.1911	0.1616	0.1916	0.2101	0.2213	0.239	0.2405	0.2482	0.2145	0.2389	0.2149	0.208	0.2571	0.1929	0.2522	0.2926	0.2095
AFMGS6735H	0.2003	0.2156	0.1929	0.1749	0.2373	0.1815	0.202	0.1841	0.1947	0.21	0.1653	0.1771	0.2017	0.1829	0	0.1805	0.202	0.185	0.1769	0.1745	0.1765	0.1645	0.1698	0.1823	0.1636	0.1879	0.1806	0.1767	0.1977	0.2087	0.1966	0.2032	0.2051	0.1859	0.2062	0.2189	0.1877	0.2074	0.1845	0.2134	0.1908	0.16	0.1735	0.1958	0.1799	0.1759	0.1709	0.1727	0.1665	0.1528	0.1779	0.1859	0.1764	0.1827	0.1939	0.1801	0.2039	0.2124	0.1626	0.1994	0.1771	0.1888	0.1919	0.183	0.174	0.1969	0.1826	0.1869	0.1982	0.195	0.1713	0.163	0.1695	0.1799	0.1607	0.1949	0.1721	0.1763	0.1665	0.1679	0.183	0.1821	0.1947	0.2101	0.2305	0.2207	0.2273	0.2211	0.1861	0.2364	0.22	0.2242	0.2411	0.1915	0.2265	0.2621	0.2001
AFMGS6736H	0.18	0.1714	0.1645	0.1506	0.2057	0.1673	0.178	0.1676	0.1796	0.1724	0.169	0.1659	0.1887	0.1645	0.1805	0	0.1662	0.1554	0.1516	0.1652	0.1473	0.1605	0.1419	0.1343	0.1602	0.155	0.1784	0.1134	0.1715	0.1876	0.1788	0.1714	0.21	0.1652	0.1714	0.2113	0.1858	0.1802	0.182	0.2037	0.1783	0.1458	0.1249	0.1573	0.156	0.1635	0.174	0.1452	0.1478	0.1332	0.1465	0.1588	0.1617	0.1576	0.1704	0.1885	0.1975	0.1931	0.1665	0.1868	0.1488	0.1756	0.19	0.1682	0.1595	0.174	0.168	0.1534	0.1798	0.1758	0.1529	0.1404	0.1453	0.176	0.1648	0.1723	0.1927	0.1599	0.1433	0.1556	0.1767	0.1701	0.166	0.1932	0.2164	0.231	0.209	0.2246	0.1806	0.2259	0.1957	0.185	0.2291	0.1786	0.2189	0.2695	0.1954
AFMGS6737H	0.1845	0.1796	0.1837	0.1692	0.2058	0.1778	0.1916	0.1773	0.2015	0.188	0.1669	0.173	0.2009	0.1866	0.202	0.1662	0	0.1732	0.1978	0.1695	0.1783	0.1907	0.1731	0.158	0.1733	0.1891	0.1915	0.1552	0.1904	0.2086	0.1852	0.1811	0.2013	0.1831	0.1602	0.1868	0.1805	0.1922	0.1956	0.1978	0.202	0.1785	0.1707	0.1778	0.1616	0.1702	0.1921	0.1858	0.1823	0.1486	0.1668	0.1763	0.1768	0.1765	0.2117	0.1775	0.1951	0.2054	0.1837	0.1849	0.1708	0.1897	0.1774	0.1752	0.1579	0.1848	0.184	0.1762	0.1974	0.1885	0.1699	0.1781	0.1824	0.1863	0.1876	0.186	0.2023	0.1729	0.1692	0.17	0.1905	0.1695	0.1802	0.2051	0.2428	0.2182	0.2181	0.2271	0.1768	0.2252	0.2063	0.1781	0.2373	0.1954	0.2224	0.2762	0.2029
AFMGS6738H	0.187	0.2005	0.1767	0.1767	0.2193	0.1743	0.1933	0.1794	0.1875	0.1969	0.1793	0.1688	0.1773	0.1829	0.185	0.1554	0.1732	0	0.1839	0.1573	0.1729	0.1831	0.1584	0.1538	0.1619	0.1848	0.1885	0.1556	0.1875	0.1948	0.1868	0.1743	0.223	0.1579	0.1758	0.1897	0.1849	0.1757	0.181	0.1985	0.1818	0.1682	0.1408	0.174	0.1672	0.1701	0.1698	0.1446	0.1628	0.1489	0.1622	0.1704	0.157	0.174	0.188	0.1846	0.1929	0.201	0.1618	0.198	0.1611	0.1867	0.1941	0.1904	0.1596	0.1761	0.1849	0.1732	0.2147	0.194	0.1726	0.168	0.1626	0.1684	0.183	0.1707	0.1877	0.1843	0.1675	0.1641	0.205	0.1952	0.1801	0.1885	0.2335	0.2321	0.2187	0.2166	0.1874	0.215	0.2102	0.1921	0.2564	0.1876	0.2085	0.2838	0.1967
AFMGS6739H	0.2042	0.2091	0.1956	0.1744	0.2108	0.1769	0.1828	0.1919	0.2017	0.2016	0.1816	0.1691	0.1885	0.1837	0.1769	0.1516	0.1978	0.1839	0	0.1653	0.1648	0.1719	0.1559	0.1541	0.1611	0.1795	0.1702	0.1524	0.1886	0.2141	0.2022	0.1914	0.2297	0.1674	0.1972	0.2232	0.1909	0.1967	0.1918	0.2216	0.1722	0.1559	0.162	0.1731	0.1804	0.1702	0.1676	0.1611	0.1651	0.1616	0.1626	0.156	0.1638	0.1684	0.1757	0.1996	0.206	0.2266	0.1795	0.1942	0.1665	0.1856	0.1953	0.1983	0.1624	0.1919	0.1948	0.1688	0.1966	0.198	0.1683	0.1714	0.1564	0.1954	0.1867	0.1732	0.2067	0.1747	0.1786	0.1599	0.1893	0.186	0.1792	0.2035	0.2353	0.2335	0.2361	0.2186	0.1748	0.2227	0.2148	0.21	0.2385	0.1798	0.2269	0.2902	0.1888
AFMGS6740H	0.1988	0.201	0.1942	0.1811	0.2271	0.1621	0.1886	0.1817	0.1958	0.2048	0.1734	0.1699	0.2092	0.1709	0.1745	0.1652	0.1695	0.1573	0.1653	0	0.1622	0.1607	0.166	0.1588	0.1611	0.1543	0.1828	0.1588	0.1743	0.1877	0.1992	0.1842	0.2015	0.1709	0.1694	0.2076	0.1875	0.1836	0.187	0.1999	0.1739	0.1681	0.1541	0.1749	0.1632	0.1669	0.169	0.1532	0.1863	0.1625	0.1761	0.1696	0.1595	0.1865	0.1825	0.192	0.1977	0.2313	0.1959	0.2011	0.1725	0.198	0.1826	0.1851	0.1836	0.1983	0.1895	0.1722	0.1991	0.2022	0.1711	0.1842	0.1682	0.1808	0.1846	0.1691	0.196	0.171	0.1732	0.1627	0.2009	0.1756	0.1758	0.1939	0.2313	0.2191	0.219	0.2186	0.1715	0.2292	0.2103	0.1927	0.2365	0.1806	0.2216	0.2569	0.1941
AFMGS6743H	0.2037	0.2004	0.1854	0.1837	0.2304	0.1935	0.2064	0.189	0.2061	0.2101	0.1866	0.1895	0.1994	0.186	0.1765	0.1473	0.1783	0.1729	0.1648	0.1622	0	0.1667	0.1705	0.1479	0.1624	0.1709	0.1838	0.1583	0.1978	0.2054	0.2006	0.1744	0.23	0.1841	0.1918	0.2117	0.1958	0.208	0.2133	0.2107	0.199	0.1694	0.1538	0.1783	0.1575	0.1761	0.1882	0.1589	0.1516	0.1581	0.1636	0.1959	0.177	0.1792	0.1779	0.2112	0.1911	0.2345	0.1779	0.1965	0.1756	0.191	0.2009	0.1931	0.1742	0.198	0.2013	0.1836	0.2144	0.2002	0.1656	0.1713	0.1551	0.1708	0.1793	0.1811	0.21	0.176	0.1606	0.1523	0.1916	0.1821	0.1784	0.2037	0.2363	0.2308	0.225	0.2263	0.189	0.2315	0.2056	0.1961	0.2506	0.1729	0.2305	0.2828	0.2166
AFMGS6745H	0.1942	0.2099	0.1946	0.1577	0.2092	0.1661	0.2018	0.1826	0.2045	0.1901	0.1655	0.1695	0.2042	0.1748	0.1645	0.1605	0.1907	0.1831	0.1719	0.1607	0.1667	0	0.17	0.1496	0.1585	0.1682	0.1758	0.152	0.1867	0.2091	0.2043	0.1775	0.2076	0.1825	0.1709	0.2236	0.1845	0.1808	0.1869	0.2075	0.1687	0.1602	0.1813	0.1861	0.1684	0.1833	0.1693	0.1453	0.1644	0.1586	0.1737	0.1935	0.1609	0.1755	0.1838	0.1775	0.2051	0.2109	0.171	0.1873	0.1666	0.1822	0.1923	0.1783	0.1759	0.1745	0.167	0.1694	0.2017	0.1843	0.1669	0.1692	0.1685	0.1885	0.1891	0.1703	0.1826	0.1657	0.1608	0.1489	0.1821	0.186	0.1665	0.1852	0.2163	0.2163	0.2047	0.2064	0.1747	0.211	0.2013	0.1891	0.2371	0.1668	0.2164	0.2706	0.1936
AFMGS6747H	0.2022	0.1861	0.1831	0.1684	0.1968	0.1505	0.1773	0.1667	0.1981	0.1952	0.1743	0.1629	0.1775	0.1745	0.1698	0.1419	0.1731	0.1584	0.1559	0.166	0.1705	0.17	0	0.148	0.1655	0.1609	0.194	0.1424	0.1696	0.1832	0.1945	0.1792	0.2011	0.1567	0.1637	0.1902	0.1957	0.1694	0.1759	0.1949	0.1754	0.1561	0.13	0.1756	0.162	0.1548	0.176	0.1658	0.1594	0.1524	0.1552	0.1614	0.165	0.1747	0.1798	0.1897	0.1903	0.1973	0.185	0.1946	0.1483	0.1699	0.1732	0.1864	0.1477	0.1676	0.1756	0.1609	0.1768	0.1705	0.1657	0.1622	0.1522	0.1566	0.1714	0.1837	0.1798	0.1773	0.1641	0.1678	0.1768	0.1757	0.1803	0.1796	0.2214	0.2175	0.2085	0.2176	0.1715	0.2278	0.21	0.1987	0.2271	0.1763	0.2166	0.2738	0.1946
AFMGS6750H	0.1907	0.1922	0.1653	0.1571	0.1866	0.1701	0.196	0.1667	0.1948	0.1866	0.1655	0.1826	0.1888	0.17	0.1823	0.1343	0.158	0.1538	0.1541	0.1588	0.1479	0.1496	0.148	0	0.162	0.1491	0.1676	0.1323	0.1766	0.2002	0.2004	0.1648	0.2119	0.1562	0.1617	0.1996	0.1732	0.1851	0.186	0.2058	0.1643	0.1374	0.1354	0.1717	0.141	0.1615	0.1542	0.1476	0.1445	0.1495	0.1605	0.1615	0.1553	0.1866	0.1733	0.1827	0.1873	0.1943	0.1767	0.1888	0.1665	0.1774	0.182	0.1787	0.1654	0.174	0.1748	0.16	0.1916	0.1744	0.153	0.1526	0.1628	0.1547	0.1782	0.1541	0.1638	0.1662	0.1514	0.147	0.1688	0.1594	0.1631	0.1815	0.2216	0.2191	0.2115	0.2058	0.1741	0.2087	0.1937	0.1784	0.2331	0.1704	0.2149	0.2757	0.1973
AFMGS6751H	0.2096	0.2027	0.1885	0.1723	0.2123	0.1713	0.1904	0.179	0.1961	0.1854	0.173	0.1609	0.1953	0.172	0.1636	0.1602	0.1733	0.1619	0.1611	0.1611	0.1624	0.1585	0.1655	0.162	0	0.1551	0.1748	0.1596	0.1902	0.1982	0.181	0.1879	0.2017	0.1681	0.1859	0.2032	0.1891	0.1951	0.1793	0.2085	0.1582	0.1591	0.165	0.1624	0.1654	0.1748	0.1608	0.1511	0.164	0.1548	0.1578	0.1729	0.1629	0.1593	0.1862	0.1744	0.1849	0.2173	0.1684	0.2012	0.1596	0.1837	0.1866	0.1882	0.157	0.1876	0.1992	0.1782	0.1964	0.1878	0.1452	0.1791	0.1542	0.1808	0.1511	0.1856	0.1738	0.1562	0.16	0.159	0.1806	0.1779	0.1765	0.1951	0.2221	0.2238	0.2089	0.2156	0.2045	0.2229	0.205	0.1954	0.2273	0.1827	0.2131	0.2407	0.1856
AFMGS6752H	0.2245	0.2071	0.2007	0.1718	0.2168	0.1873	0.188	0.1741	0.2251	0.2083	0.1815	0.1859	0.1989	0.1631	0.1879	0.155	0.1891	0.1848	0.1795	0.1543	0.1709	0.1682	0.1609	0.1491	0.1551	0	0.1978	0.1551	0.2052	0.1999	0.1998	0.1905	0.2265	0.1829	0.1842	0.2269	0.2093	0.2044	0.192	0.2181	0.1779	0.1664	0.1637	0.1814	0.1551	0.1812	0.1737	0.1535	0.165	0.1553	0.164	0.1969	0.1665	0.1883	0.1863	0.1961	0.2089	0.2307	0.199	0.2087	0.1839	0.1882	0.2065	0.1876	0.1841	0.2037	0.2138	0.1854	0.2068	0.1974	0.1623	0.1646	0.1586	0.1801	0.1711	0.1756	0.1751	0.1672	0.1708	0.1612	0.1872	0.1759	0.2023	0.2115	0.2326	0.2339	0.2261	0.2377	0.2147	0.2571	0.2182	0.2042	0.2513	0.1992	0.2316	0.2842	0.2081
AFMGS6755H	0.186	0.2056	0.1901	0.182	0.2006	0.1854	0.1937	0.1895	0.1881	0.1885	0.2035	0.1805	0.2027	0.1812	0.1806	0.1784	0.1915	0.1885	0.1702	0.1828	0.1838	0.1758	0.194	0.1676	0.1748	0.1978	0	0.1706	0.2044	0.2264	0.2059	0.1872	0.2085	0.1815	0.1856	0.2183	0.179	0.1944	0.2016	0.2316	0.1733	0.1873	0.1593	0.1972	0.1803	0.1883	0.1623	0.166	0.1668	0.1803	0.19	0.1711	0.1866	0.1734	0.1929	0.2154	0.2049	0.2126	0.1881	0.2049	0.1679	0.1931	0.1907	0.1972	0.1634	0.1959	0.1883	0.177	0.2211	0.2098	0.1803	0.1758	0.1649	0.1975	0.1943	0.1834	0.2108	0.1836	0.1805	0.1723	0.1794	0.1699	0.1962	0.2124	0.2415	0.2352	0.2408	0.2168	0.1939	0.2245	0.2294	0.2188	0.2383	0.1998	0.2134	0.2938	0.1882
AFMGS6756H	0.169	0.1761	0.154	0.1348	0.1783	0.1517	0.1634	0.1608	0.1636	0.1806	0.1432	0.1422	0.1711	0.1499	0.1767	0.1134	0.1552	0.1556	0.1524	0.1588	0.1583	0.152	0.1424	0.1323	0.1596	0.1551	0.1706	0	0.1766	0.2053	0.1757	0.1639	0.1978	0.1591	0.1518	0.1786	0.168	0.1667	0.1646	0.1996	0.1572	0.1487	0.1202	0.1508	0.1405	0.1555	0.164	0.1363	0.1538	0.1448	0.1446	0.1493	0.1589	0.1558	0.1541	0.1885	0.1807	0.201	0.1502	0.1687	0.1362	0.1485	0.1596	0.1672	0.1499	0.1602	0.15	0.1356	0.1845	0.1583	0.1436	0.1427	0.1335	0.1589	0.1679	0.1552	0.179	0.1595	0.1433	0.1495	0.1659	0.162	0.153	0.1743	0.2136	0.2211	0.2099	0.2095	0.1643	0.2102	0.2035	0.1782	0.2293	0.1646	0.2144	0.2706	0.1745
AFMJD6855H	0.1623	0.1724	0.1718	0.1502	0.2002	0.1648	0.1558	0.1521	0.1809	0.1801	0.1819	0.1656	0.1723	0.1954	0.1977	0.1715	0.1904	0.1875	0.1886	0.1743	0.1978	0.1867	0.1696	0.1766	0.1902	0.2052	0.2044	0.1766	0	0.1298	0.1516	0.1716	0.1917	0.101	0.1725	0.182	0.1724	0.1225	0.1098	0.161	0.2057	0.1861	0.1778	0.1797	0.1976	0.1658	0.2056	0.1824	0.1884	0.1826	0.1841	0.1916	0.1912	0.1812	0.1846	0.1763	0.1882	0.1756	0.1849	0.1736	0.1648	0.158	0.1832	0.1715	0.1654	0.1621	0.1807	0.1511	0.1709	0.1883	0.1849	0.1926	0.1872	0.2155	0.2026	0.1916	0.2304	0.1992	0.1961	0.183	0.2091	0.1955	0.1738	0.1728	0.21	0.2217	0.2111	0.216	0.1911	0.212	0.189	0.1804	0.2457	0.1641	0.207	0.2521	0.1928
AFMJD6856H	0.1653	0.184	0.1889	0.1629	0.1854	0.1968	0.1622	0.1715	0.1957	0.1764	0.1954	0.1949	0.1673	0.2058	0.2087	0.1876	0.2086	0.1948	0.2141	0.1877	0.2054	0.2091	0.1832	0.2002	0.1982	0.1999	0.2264	0.2053	0.1298	0	0.1809	0.1782	0.1883	0.1507	0.1875	0.1796	0.1841	0.1617	0.1293	0.1045	0.2191	0.2022	0.1958	0.2304	0.2087	0.1972	0.2192	0.2122	0.1898	0.2039	0.2083	0.2102	0.2136	0.2126	0.2014	0.1826	0.1827	0.1604	0.1964	0.188	0.1762	0.1712	0.2002	0.1743	0.1628	0.1825	0.193	0.171	0.1881	0.1954	0.213	0.2102	0.2085	0.2344	0.2042	0.2063	0.2379	0.221	0.2068	0.2117	0.2295	0.2277	0.1799	0.1874	0.2072	0.2247	0.2197	0.2393	0.2009	0.2284	0.2036	0.2077	0.2488	0.1667	0.2267	0.2616	0.1947
AFMJD6857H	0.148	0.18	0.1772	0.165	0.1961	0.1857	0.1357	0.1388	0.2128	0.1846	0.1706	0.1896	0.1706	0.2107	0.1966	0.1788	0.1852	0.1868	0.2022	0.1992	0.2006	0.2043	0.1945	0.2004	0.181	0.1998	0.2059	0.1757	0.1516	0.1809	0	0.1693	0.1766	0.1557	0.1737	0.1734	0.1713	0.1602	0.1587	0.1846	0.178	0.1851	0.1918	0.1651	0.1921	0.1819	0.1892	0.1762	0.2046	0.1696	0.1815	0.2052	0.2069	0.1873	0.1929	0.1509	0.1745	0.171	0.1848	0.1607	0.1559	0.1573	0.1905	0.1839	0.1524	0.1693	0.1785	0.1698	0.1811	0.1965	0.1853	0.1943	0.1649	0.2479	0.1916	0.184	0.2242	0.2061	0.188	0.1757	0.2112	0.2029	0.18	0.1906	0.2222	0.2298	0.211	0.2056	0.19	0.2234	0.2021	0.1926	0.2554	0.177	0.2198	0.2704	0.1922
AFMJD6858H	0.1465	0.1704	0.1832	0.1396	0.1917	0.1688	0.1743	0.1683	0.1759	0.1662	0.1644	0.1742	0.1915	0.1933	0.2032	0.1714	0.1811	0.1743	0.1914	0.1842	0.1744	0.1775	0.1792	0.1648	0.1879	0.1905	0.1872	0.1639	0.1716	0.1782	0.1693	0	0.1951	0.1461	0.1695	0.1912	0.1858	0.1465	0.1589	0.1645	0.1894	0.1741	0.1746	0.17	0.1705	0.1791	0.1945	0.1611	0.1692	0.1591	0.1599	0.1876	0.1668	0.1833	0.1608	0.1794	0.1816	0.1758	0.1793	0.1547	0.1486	0.135	0.1481	0.1716	0.1698	0.1247	0.1682	0.176	0.1781	0.1846	0.1783	0.1798	0.1472	0.1867	0.1836	0.1601	0.2056	0.186	0.1586	0.1506	0.1805	0.1767	0.1467	0.158	0.1829	0.1865	0.182	0.1889	0.1854	0.1955	0.1627	0.1808	0.2127	0.1807	0.1934	0.2427	0.1874
AFMJD6859H	0.1728	0.1803	0.1864	0.1716	0.1675	0.1798	0.1789	0.1837	0.21	0.1836	0.1943	0.189	0.1878	0.2166	0.2051	0.21	0.2013	0.223	0.2297	0.2015	0.23	0.2076	0.2011	0.2119	0.2017	0.2265	0.2085	0.1978	0.1917	0.1883	0.1766	0.1951	0	0.1862	0.1828	0.1888	0.1758	0.1899	0.1986	0.199	0.1973	0.2068	0.2184	0.2179	0.2145	0.2072	0.207	0.22	0.2238	0.2071	0.2066	0.1946	0.2207	0.2287	0.2197	0.172	0.1704	0.1773	0.1938	0.1897	0.185	0.195	0.1865	0.2066	0.1877	0.201	0.1917	0.1916	0.1939	0.1923	0.1811	0.2159	0.1754	0.2039	0.1975	0.2129	0.2377	0.2152	0.2081	0.2051	0.2326	0.2077	0.1863	0.22	0.2179	0.2339	0.2393	0.2303	0.2225	0.2262	0.2149	0.189	0.2628	0.1968	0.2381	0.2761	0.2051
AFMJD6861H	0.1673	0.1603	0.1728	0.1298	0.1805	0.1563	0.146	0.1474	0.1827	0.1759	0.1652	0.1586	0.156	0.1849	0.1859	0.1652	0.1831	0.1579	0.1674	0.1709	0.1841	0.1825	0.1567	0.1562	0.1681	0.1829	0.1815	0.1591	0.101	0.1507	0.1557	0.1461	0.1862	0	0.1646	0.1628	0.1604	0.1159	0.1311	0.1587	0.1819	0.1734	0.1567	0.1678	0.1662	0.1588	0.1807	0.1726	0.1755	0.1535	0.1675	0.1718	0.1547	0.1735	0.1682	0.162	0.181	0.1712	0.1651	0.1714	0.138	0.1449	0.1579	0.155	0.1529	0.1478	0.1638	0.1511	0.1614	0.1743	0.1662	0.1833	0.167	0.1898	0.1861	0.177	0.1956	0.1722	0.1711	0.1692	0.184	0.1831	0.1519	0.154	0.196	0.1966	0.1939	0.1944	0.1704	0.1934	0.1723	0.1788	0.2097	0.1636	0.1756	0.2368	0.1664
AFMJD6864H	0.1753	0.1684	0.174	0.1497	0.1859	0.1802	0.1733	0.1709	0.1964	0.1733	0.1813	0.1628	0.1874	0.1933	0.2062	0.1714	0.1602	0.1758	0.1972	0.1694	0.1918	0.1709	0.1637	0.1617	0.1859	0.1842	0.1856	0.1518	0.1725	0.1875	0.1737	0.1695	0.1828	0.1646	0	0.1739	0.1633	0.1686	0.1705	0.184	0.1926	0.1733	0.189	0.1949	0.1618	0.1958	0.196	0.189	0.183	0.1716	0.1726	0.1834	0.1789	0.1813	0.1977	0.1602	0.1911	0.191	0.181	0.1887	0.1572	0.169	0.1612	0.1871	0.1342	0.1832	0.1649	0.1663	0.1873	0.1776	0.1804	0.1893	0.1654	0.1954	0.1807	0.1816	0.2042	0.1837	0.1768	0.1643	0.2125	0.1898	0.1782	0.1869	0.2262	0.2152	0.2105	0.2049	0.1856	0.2146	0.1991	0.181	0.2357	0.1685	0.2193	0.2678	0.181
AFMJD6873H	0.1643	0.1783	0.2	0.171	0.1922	0.1914	0.1694	0.1711	0.2046	0.1982	0.1952	0.1858	0.1916	0.2167	0.2189	0.2113	0.1868	0.1897	0.2232	0.2076	0.2117	0.2236	0.1902	0.1996	0.2032	0.2269	0.2183	0.1786	0.182	0.1796	0.1734	0.1912	0.1888	0.1628	0.1739	0	0.1664	0.174	0.1713	0.1724	0.2087	0.1988	0.1946	0.2015	0.205	0.2008	0.2106	0.2142	0.1985	0.1908	0.2093	0.1926	0.2069	0.1904	0.2084	0.178	0.1658	0.1898	0.1848	0.1743	0.1515	0.1693	0.1933	0.1845	0.1724	0.1733	0.1834	0.1756	0.1953	0.183	0.1972	0.2045	0.2081	0.2127	0.2183	0.2021	0.2313	0.2162	0.1993	0.2007	0.2113	0.2107	0.1735	0.1695	0.2175	0.2052	0.2172	0.22	0.1923	0.218	0.222	0.1857	0.2441	0.1784	0.2011	0.2589	0.1908
AFMJD6875H	0.1775	0.1758	0.1733	0.1619	0.1804	0.1814	0.1658	0.1624	0.1919	0.1716	0.1805	0.1722	0.1769	0.2152	0.1877	0.1858	0.1805	0.1849	0.1909	0.1875	0.1958	0.1845	0.1957	0.1732	0.1891	0.2093	0.179	0.168	0.1724	0.1841	0.1713	0.1858	0.1758	0.1604	0.1633	0.1664	0	0.1801	0.1772	0.1873	0.1952	0.1924	0.1837	0.1922	0.1806	0.1868	0.1944	0.1783	0.1918	0.1685	0.1847	0.1915	0.1959	0.1878	0.1804	0.162	0.183	0.191	0.1741	0.1846	0.1459	0.1734	0.1863	0.1946	0.166	0.1919	0.1883	0.1861	0.1852	0.1702	0.1855	0.1752	0.1762	0.2162	0.201	0.1858	0.2045	0.1934	0.1871	0.1799	0.2067	0.2049	0.1675	0.1787	0.2266	0.2294	0.2194	0.2098	0.1667	0.2027	0.207	0.1689	0.2318	0.1745	0.2108	0.259	0.1844
AFMJD6876H	0.1718	0.1682	0.1602	0.1352	0.1818	0.1706	0.1565	0.1588	0.1764	0.1689	0.1792	0.1741	0.1703	0.2095	0.2074	0.1802	0.1922	0.1757	0.1967	0.1836	0.208	0.1808	0.1694	0.1851	0.1951	0.2044	0.1944	0.1667	0.1225	0.1617	0.1602	0.1465	0.1899	0.1159	0.1686	0.174	0.1801	0	0.1305	0.1518	0.1928	0.1895	0.1696	0.1801	0.1837	0.1724	0.1939	0.1842	0.1782	0.1625	0.1648	0.1791	0.1748	0.1869	0.1708	0.1897	0.1731	0.1625	0.1711	0.1717	0.1473	0.1434	0.1525	0.1598	0.1595	0.1388	0.16	0.1589	0.165	0.1718	0.1764	0.1938	0.1656	0.2019	0.2041	0.1769	0.2259	0.1927	0.179	0.1667	0.1921	0.192	0.1615	0.1766	0.1974	0.2067	0.1966	0.1994	0.1834	0.1928	0.185	0.1844	0.2217	0.171	0.2012	0.2523	0.1775
AFMJD6877H	0.1797	0.1696	0.1874	0.1341	0.1959	0.1735	0.1597	0.1537	0.1908	0.1794	0.1773	0.1777	0.1886	0.203	0.1845	0.182	0.1956	0.181	0.1918	0.187	0.2133	0.1869	0.1759	0.186	0.1793	0.192	0.2016	0.1646	0.1098	0.1293	0.1587	0.1589	0.1986	0.1311	0.1705	0.1713	0.1772	0.1305	0	0.1456	0.1926	0.1751	0.1752	0.1785	0.1956	0.1711	0.2034	0.1788	0.1945	0.16	0.1776	0.1905	0.1763	0.1828	0.1952	0.1707	0.1894	0.1673	0.1742	0.1733	0.1568	0.1353	0.1772	0.1628	0.1594	0.1504	0.1793	0.1642	0.1747	0.1751	0.1822	0.1865	0.175	0.2012	0.1836	0.1818	0.2073	0.1856	0.1733	0.1566	0.1921	0.2007	0.1649	0.1573	0.1903	0.2038	0.1797	0.1932	0.1909	0.2098	0.1815	0.1921	0.2113	0.1777	0.1983	0.2259	0.1917
AFMJD6878H	0.1734	0.19	0.1988	0.1518	0.2047	0.1894	0.1751	0.1803	0.1952	0.1924	0.1961	0.1855	0.1841	0.223	0.2134	0.2037	0.1978	0.1985	0.2216	0.1999	0.2107	0.2075	0.1949	0.2058	0.2085	0.2181	0.2316	0.1996	0.161	0.1045	0.1846	0.1645	0.199	0.1587	0.184	0.1724	0.1873	0.1518	0.1456	0	0.2276	0.2117	0.2073	0.2215	0.212	0.1864	0.2205	0.2207	0.2009	0.2027	0.19	0.2203	0.1902	0.2184	0.1946	0.1937	0.1829	0.1735	0.2008	0.1754	0.1754	0.1466	0.1763	0.1886	0.1815	0.1605	0.2047	0.1849	0.17	0.1998	0.2078	0.2082	0.1974	0.2221	0.2135	0.2001	0.2368	0.2121	0.1959	0.1923	0.2102	0.2149	0.1636	0.1672	0.1818	0.1927	0.1966	0.2197	0.1899	0.2009	0.1759	0.1922	0.2169	0.1694	0.2122	0.2274	0.1928
AFMJS6675H	0.2096	0.1903	0.2134	0.1737	0.201	0.1874	0.1797	0.1681	0.209	0.1834	0.1819	0.1876	0.1967	0.1759	0.1908	0.1783	0.202	0.1818	0.1722	0.1739	0.199	0.1687	0.1754	0.1643	0.1582	0.1779	0.1733	0.1572	0.2057	0.2191	0.178	0.1894	0.1973	0.1819	0.1926	0.2087	0.1952	0.1928	0.1926	0.2276	0	0.1599	0.1793	0.1681	0.1825	0.1886	0.1478	0.1502	0.197	0.1679	0.1706	0.1667	0.1667	0.1742	0.1716	0.1886	0.1945	0.2243	0.1915	0.2023	0.1683	0.1955	0.1932	0.2009	0.1673	0.1896	0.193	0.2005	0.1935	0.1936	0.1648	0.1589	0.1343	0.1969	0.1787	0.1561	0.1876	0.1638	0.1839	0.1684	0.1905	0.1808	0.1905	0.1974	0.2355	0.2345	0.2327	0.2042	0.1994	0.2303	0.2143	0.1952	0.2441	0.1857	0.2224	0.2792	0.2027
AFMJS6676H	0.2009	0.1902	0.1868	0.1581	0.2108	0.1676	0.1798	0.1807	0.2013	0.1849	0.1772	0.1847	0.202	0.1732	0.16	0.1458	0.1785	0.1682	0.1559	0.1681	0.1694	0.1602	0.1561	0.1374	0.1591	0.1664	0.1873	0.1487	0.1861	0.2022	0.1851	0.1741	0.2068	0.1734	0.1733	0.1988	0.1924	0.1895	0.1751	0.2117	0.1599	0	0.1564	0.1769	0.1667	0.165	0.1584	0.1572	0.165	0.1405	0.163	0.1783	0.1492	0.1754	0.1772	0.1876	0.1838	0.2113	0.1811	0.1966	0.1648	0.1727	0.1835	0.1684	0.1651	0.1791	0.1737	0.1832	0.1985	0.1841	0.161	0.1727	0.1567	0.1814	0.1506	0.168	0.1863	0.1663	0.154	0.1492	0.1761	0.1723	0.1684	0.1832	0.221	0.2219	0.2107	0.2096	0.199	0.2163	0.1969	0.1996	0.2316	0.1943	0.2048	0.2679	0.196
AFMJS6678H	0.189	0.1849	0.162	0.1582	0.2123	0.1603	0.1846	0.1713	0.1706	0.1779	0.1394	0.1697	0.1692	0.1774	0.1735	0.1249	0.1707	0.1408	0.162	0.1541	0.1538	0.1813	0.13	0.1354	0.165	0.1637	0.1593	0.1202	0.1778	0.1958	0.1918	0.1746	0.2184	0.1567	0.189	0.1946	0.1837	0.1696	0.1752	0.2073	0.1793	0.1564	0	0.1561	0.1768	0.1204	0.1658	0.1265	0.1468	0.1396	0.1643	0.1494	0.1617	0.1544	0.1604	0.1952	0.18	0.2057	0.1655	0.1849	0.1504	0.1627	0.1698	0.17	0.1671	0.1686	0.1779	0.1483	0.1801	0.1925	0.1724	0.1549	0.1498	0.1542	0.1659	0.1679	0.1734	0.1678	0.1517	0.1675	0.1564	0.1746	0.1836	0.1704	0.2159	0.2232	0.2026	0.2023	0.175	0.2198	0.1932	0.1713	0.2323	0.1655	0.1978	0.2652	0.1866
AFMJS6680H	0.2021	0.1898	0.1943	0.1724	0.1999	0.1657	0.1965	0.1681	0.2215	0.1891	0.1831	0.1808	0.1955	0.1801	0.1958	0.1573	0.1778	0.174	0.1731	0.1749	0.1783	0.1861	0.1756	0.1717	0.1624	0.1814	0.1972	0.1508	0.1797	0.2304	0.1651	0.17	0.2179	0.1678	0.1949	0.2015	0.1922	0.1801	0.1785	0.2215	0.1681	0.1769	0.1561	0	0.17	0.158	0.1724	0.1539	0.1694	0.1375	0.1508	0.1896	0.1719	0.1808	0.1712	0.1818	0.2092	0.2113	0.195	0.1856	0.1649	0.1788	0.197	0.1934	0.1611	0.1807	0.2003	0.1933	0.1933	0.1816	0.1668	0.1763	0.1581	0.1876	0.1895	0.1819	0.1919	0.183	0.1694	0.1714	0.184	0.173	0.1868	0.1889	0.2342	0.2269	0.2146	0.2025	0.2022	0.2245	0.2165	0.1951	0.2366	0.1973	0.2121	0.2632	0.2072
AFMJS6681H	0.188	0.1892	0.1721	0.1735	0.2	0.1584	0.1827	0.1831	0.202	0.1823	0.1663	0.1747	0.1919	0.173	0.1799	0.156	0.1616	0.1672	0.1804	0.1632	0.1575	0.1684	0.162	0.141	0.1654	0.1551	0.1803	0.1405	0.1976	0.2087	0.1921	0.1705	0.2145	0.1662	0.1618	0.205	0.1806	0.1837	0.1956	0.212	0.1825	0.1667	0.1768	0.17	0	0.1901	0.1437	0.1582	0.1815	0.1658	0.1405	0.1798	0.1599	0.1847	0.1812	0.1911	0.1809	0.2136	0.1784	0.1933	0.1589	0.1759	0.1886	0.1916	0.1736	0.1851	0.1776	0.1784	0.1951	0.1918	0.154	0.1631	0.1706	0.1722	0.1876	0.1586	0.177	0.1652	0.1509	0.1565	0.1773	0.1663	0.1748	0.2032	0.222	0.2191	0.2079	0.2159	0.1955	0.2207	0.2082	0.1984	0.2292	0.1861	0.2217	0.2838	0.2013
AFMJS6682H	0.1883	0.1871	0.1655	0.1546	0.2169	0.1646	0.1707	0.1549	0.1796	0.192	0.15	0.1821	0.1696	0.198	0.1759	0.1635	0.1702	0.1701	0.1702	0.1669	0.1761	0.1833	0.1548	0.1615	0.1748	0.1812	0.1883	0.1555	0.1658	0.1972	0.1819	0.1791	0.2072	0.1588	0.1958	0.2008	0.1868	0.1724	0.1711	0.1864	0.1886	0.165	0.1204	0.158	0.1901	0	0.1788	0.151	0.1655	0.1491	0.1609	0.1653	0.1679	0.1724	0.1955	0.182	0.1927	0.209	0.1762	0.1842	0.1422	0.1574	0.1682	0.1645	0.1584	0.1607	0.179	0.159	0.1778	0.201	0.1751	0.1756	0.1656	0.1889	0.1826	0.1851	0.1849	0.1857	0.1697	0.1697	0.1839	0.1824	0.1735	0.1868	0.2109	0.2018	0.2115	0.2126	0.1765	0.2222	0.1997	0.1977	0.2382	0.1791	0.2122	0.2618	0.1941
AFMJS6683H	0.2052	0.1978	0.2066	0.1749	0.2267	0.1632	0.1742	0.1756	0.2082	0.1839	0.1916	0.1908	0.1975	0.1382	0.1709	0.174	0.1921	0.1698	0.1676	0.169	0.1882	0.1693	0.176	0.1542	0.1608	0.1737	0.1623	0.164	0.2056	0.2192	0.1892	0.1945	0.207	0.1807	0.196	0.2106	0.1944	0.1939	0.2034	0.2205	0.1478	0.1584	0.1658	0.1724	0.1437	0.1788	0	0.1585	0.1893	0.1544	0.1572	0.1726	0.1595	0.1967	0.1777	0.1889	0.1902	0.2261	0.2043	0.2007	0.1663	0.1924	0.206	0.1975	0.1753	0.2009	0.202	0.1895	0.2077	0.1942	0.154	0.1728	0.1697	0.1909	0.1792	0.169	0.1823	0.1599	0.1679	0.1761	0.1938	0.1692	0.1847	0.2019	0.2237	0.2094	0.2364	0.2137	0.1966	0.2375	0.2167	0.1946	0.2386	0.202	0.2203	0.27	0.1949
AFMJS6687H	0.195	0.1877	0.1856	0.1849	0.2125	0.1681	0.1869	0.1424	0.1909	0.2006	0.1709	0.1604	0.1944	0.1746	0.1727	0.1452	0.1858	0.1446	0.1611	0.1532	0.1589	0.1453	0.1658	0.1476	0.1511	0.1535	0.166	0.1363	0.1824	0.2122	0.1762	0.1611	0.22	0.1726	0.189	0.2142	0.1783	0.1842	0.1788	0.2207	0.1502	0.1572	0.1265	0.1539	0.1582	0.151	0.1585	0	0.1706	0.1349	0.151	0.165	0.1415	0.1631	0.152	0.1834	0.1903	0.202	0.1719	0.1963	0.1655	0.1783	0.1854	0.1776	0.1805	0.17	0.1646	0.1671	0.1903	0.1939	0.1654	0.1586	0.1381	0.1808	0.1698	0.138	0.1846	0.1643	0.154	0.1548	0.1805	0.1775	0.1706	0.178	0.2282	0.2327	0.2255	0.1867	0.1703	0.2245	0.1924	0.1751	0.2453	0.1801	0.2031	0.2751	0.1926
AFMJS6694H	0.2007	0.1963	0.1775	0.1632	0.1968	0.1674	0.1857	0.1812	0.1928	0.1976	0.1758	0.183	0.1675	0.1778	0.1665	0.1478	0.1823	0.1628	0.1651	0.1863	0.1516	0.1644	0.1594	0.1445	0.164	0.165	0.1668	0.1538	0.1884	0.1898	0.2046	0.1692	0.2238	0.1755	0.183	0.1985	0.1918	0.1782	0.1945	0.2009	0.197	0.165	0.1468	0.1694	0.1815	0.1655	0.1893	0.1706	0	0.1625	0.1734	0.1666	0.1663	0.1653	0.1569	0.1724	0.1933	0.1941	0.1883	0.1799	0.1688	0.1799	0.1859	0.1866	0.1571	0.1928	0.1804	0.1803	0.1976	0.1766	0.1411	0.1675	0.1692	0.1691	0.1817	0.1806	0.1926	0.1711	0.1656	0.1677	0.1746	0.1892	0.1546	0.1975	0.2067	0.217	0.2147	0.2146	0.1687	0.2084	0.2198	0.2062	0.2487	0.1963	0.2209	0.2795	0.173
AFMJS6695H	0.1825	0.1777	0.1802	0.1562	0.2109	0.175	0.1721	0.1547	0.1906	0.1971	0.1606	0.1679	0.1865	0.1587	0.1528	0.1332	0.1486	0.1489	0.1616	0.1625	0.1581	0.1586	0.1524	0.1495	0.1548	0.1553	0.1803	0.1448	0.1826	0.2039	0.1696	0.1591	0.2071	0.1535	0.1716	0.1908	0.1685	0.1625	0.16	0.2027	0.1679	0.1405	0.1396	0.1375	0.1658	0.1491	0.1544	0.1349	0.1625	0	0.1416	0.1562	0.1557	0.1523	0.186	0.1766	0.1767	0.201	0.1659	0.1855	0.1495	0.1599	0.1779	0.1643	0.1464	0.1681	0.1643	0.1659	0.1803	0.1786	0.1626	0.1425	0.1516	0.158	0.1476	0.1682	0.1678	0.1461	0.1353	0.1503	0.1724	0.1601	0.165	0.1824	0.2219	0.2181	0.1977	0.1959	0.1705	0.214	0.1836	0.1952	0.2046	0.1783	0.2051	0.2546	0.1896
AFMJS6696H	0.191	0.1855	0.164	0.1599	0.2087	0.1635	0.1684	0.1775	0.1915	0.1921	0.1569	0.1584	0.1863	0.1797	0.1779	0.1465	0.1668	0.1622	0.1626	0.1761	0.1636	0.1737	0.1552	0.1605	0.1578	0.164	0.19	0.1446	0.1841	0.2083	0.1815	0.1599	0.2066	0.1675	0.1726	0.2093	0.1847	0.1648	0.1776	0.19	0.1706	0.163	0.1643	0.1508	0.1405	0.1609	0.1572	0.151	0.1734	0.1416	0	0.1696	0.1493	0.1654	0.1589	0.18	0.1759	0.2057	0.1716	0.1716	0.1515	0.1576	0.1717	0.1787	0.1494	0.1657	0.1901	0.172	0.1817	0.186	0.1365	0.1706	0.1588	0.165	0.1641	0.1616	0.1981	0.1574	0.147	0.1415	0.1681	0.1531	0.162	0.1963	0.2093	0.2208	0.1948	0.2065	0.1846	0.2162	0.1852	0.1916	0.2262	0.1955	0.2084	0.2656	0.1869
AFMJS6698H	0.1975	0.1907	0.1846	0.1787	0.1973	0.1604	0.1731	0.1649	0.1778	0.2013	0.1786	0.1615	0.1742	0.1937	0.1859	0.1588	0.1763	0.1704	0.156	0.1696	0.1959	0.1935	0.1614	0.1615	0.1729	0.1969	0.1711	0.1493	0.1916	0.2102	0.2052	0.1876	0.1946	0.1718	0.1834	0.1926	0.1915	0.1791	0.1905	0.2203	0.1667	0.1783	0.1494	0.1896	0.1798	0.1653	0.1726	0.165	0.1666	0.1562	0.1696	0	0.172	0.1713	0.2012	0.1741	0.1997	0.2219	0.1817	0.1948	0.151	0.1821	0.1783	0.1881	0.166	0.1801	0.1847	0.1851	0.1994	0.1905	0.1698	0.169	0.1617	0.1718	0.1913	0.1788	0.1926	0.1751	0.1783	0.1714	0.1856	0.1742	0.185	0.1931	0.2366	0.2339	0.2302	0.2182	0.1851	0.2307	0.2207	0.1854	0.2424	0.1982	0.2166	0.2794	0.1855
AFMJS6700H	0.2158	0.2014	0.1906	0.1722	0.2092	0.1658	0.1988	0.1766	0.2097	0.2002	0.1711	0.168	0.2032	0.1792	0.1764	0.1617	0.1768	0.157	0.1638	0.1595	0.177	0.1609	0.165	0.1553	0.1629	0.1665	0.1866	0.1589	0.1912	0.2136	0.2069	0.1668	0.2207	0.1547	0.1789	0.2069	0.1959	0.1748	0.1763	0.1902	0.1667	0.1492	0.1617	0.1719	0.1599	0.1679	0.1595	0.1415	0.1663	0.1557	0.1493	0.172	0	0.1746	0.1641	0.1892	0.1877	0.2192	0.1908	0.206	0.1589	0.1753	0.1726	0.1739	0.1633	0.1797	0.1776	0.1857	0.184	0.1878	0.1573	0.1611	0.1543	0.1722	0.1774	0.1591	0.1941	0.1502	0.1547	0.1462	0.1673	0.1664	0.1591	0.1766	0.2142	0.1885	0.2159	0.189	0.1779	0.2077	0.1824	0.189	0.2061	0.1864	0.1978	0.2429	0.1842
AFMJS6702H	0.2074	0.1742	0.199	0.173	0.2038	0.1798	0.1846	0.1738	0.1905	0.1894	0.1744	0.1671	0.1751	0.1972	0.1827	0.1576	0.1765	0.174	0.1684	0.1865	0.1792	0.1755	0.1747	0.1866	0.1593	0.1883	0.1734	0.1558	0.1812	0.2126	0.1873	0.1833	0.2287	0.1735	0.1813	0.1904	0.1878	0.1869	0.1828	0.2184	0.1742	0.1754	0.1544	0.1808	0.1847	0.1724	0.1967	0.1631	0.1653	0.1523	0.1654	0.1713	0.1746	0	0.1857	0.1898	0.1838	0.2031	0.1628	0.1889	0.1519	0.1818	0.1868	0.1774	0.1517	0.1903	0.1967	0.1658	0.1779	0.1931	0.1702	0.1581	0.1645	0.1846	0.1739	0.1817	0.194	0.1827	0.1756	0.1668	0.1854	0.178	0.1819	0.1846	0.2346	0.2369	0.2167	0.2138	0.2033	0.22	0.1998	0.186	0.2306	0.1881	0.2108	0.2585	0.1871
AFMPD6983H	0.2016	0.1991	0.1956	0.1758	0.1945	0.1803	0.2	0.1857	0.2077	0.2037	0.1932	0.1802	0.1972	0.1988	0.1939	0.1704	0.2117	0.188	0.1757	0.1825	0.1779	0.1838	0.1798	0.1733	0.1862	0.1863	0.1929	0.1541	0.1846	0.2014	0.1929	0.1608	0.2197	0.1682	0.1977	0.2084	0.1804	0.1708	0.1952	0.1946	0.1716	0.1772	0.1604	0.1712	0.1812	0.1955	0.1777	0.152	0.1569	0.186	0.1589	0.2012	0.1641	0.1857	0	0.2184	0.1797	0.229	0.1907	0.1926	0.1632	0.1827	0.1719	0.2035	0.1746	0.1719	0.1973	0.1686	0.186	0.1928	0.1639	0.179	0.1738	0.2099	0.1839	0.1767	0.2148	0.1737	0.1785	0.1665	0.1893	0.1882	0.1623	0.1744	0.2072	0.2246	0.2111	0.2081	0.1927	0.2052	0.2033	0.1884	0.2376	0.195	0.1913	0.2757	0.1861
AFMPD6985H	0.1797	0.1661	0.1949	0.1711	0.1811	0.1748	0.147	0.1519	0.2067	0.1947	0.1785	0.1754	0.1918	0.1944	0.1801	0.1885	0.1775	0.1846	0.1996	0.192	0.2112	0.1775	0.1897	0.1827	0.1744	0.1961	0.2154	0.1885	0.1763	0.1826	0.1509	0.1794	0.172	0.162	0.1602	0.178	0.162	0.1897	0.1707	0.1937	0.1886	0.1876	0.1952	0.1818	0.1911	0.182	0.1889	0.1834	0.1724	0.1766	0.18	0.1741	0.1892	0.1898	0.2184	0	0.1964	0.1854	0.1815	0.1857	0.164	0.1894	0.1877	0.1787	0.1716	0.1928	0.1955	0.1949	0.1747	0.1867	0.1661	0.1992	0.174	0.193	0.1926	0.1834	0.2033	0.1924	0.1898	0.1867	0.2209	0.2028	0.1708	0.2015	0.2272	0.2328	0.2092	0.2139	0.1843	0.2193	0.1997	0.2043	0.2477	0.194	0.2279	0.2678	0.1986
AFMPD6986H	0.1726	0.1874	0.1826	0.1743	0.1769	0.196	0.1825	0.1786	0.1995	0.1741	0.1863	0.1853	0.1788	0.2212	0.2039	0.1975	0.1951	0.1929	0.206	0.1977	0.1911	0.2051	0.1903	0.1873	0.1849	0.2089	0.2049	0.1807	0.1882	0.1827	0.1745	0.1816	0.1704	0.181	0.1911	0.1658	0.183	0.1731	0.1894	0.1829	0.1945	0.1838	0.18	0.2092	0.1809	0.1927	0.1902	0.1903	0.1933	0.1767	0.1759	0.1997	0.1877	0.1838	0.1797	0.1964	0	0.1832	0.1685	0.1902	0.159	0.1775	0.1715	0.2026	0.1595	0.1707	0.1787	0.1765	0.1748	0.1806	0.1781	0.1888	0.1736	0.1869	0.1855	0.2017	0.2238	0.1875	0.1907	0.1811	0.2076	0.2053	0.1689	0.1847	0.2074	0.2202	0.2265	0.218	0.1598	0.2084	0.2131	0.1686	0.2402	0.1626	0.2039	0.2721	0.1791
